1000 2000
6 19 21 27 29 37 43 44 48 55 56 63 64 66 81 86 90 93 102 105 108 122 126 130 141 142 144 145 149 152 160 161 172 176 186 187 188 190 203 211 216 217 219 223 224 229 233 236 242 244 246 248 251 255 256 258 260 261 264 265 270 280 281 283 285 301 307 309 313 322 341 342 347 354 365 379 380 381 384 389 392 393 396 406 408 409 426 428 437 441 445 448 454 460 477 489 491 497 499 502 504 515 517 522 523 524 526 527 528 534 536 537 546 549 550 551 552 554 555 558 559 560 562 563 572 574 583 594 603 606 616 620 623 626 627 633 637 643 645 646 648 650 655 656 659 671 674 683 685 689 701 703 704 707 715 720 723 727 730 734 735 747 752 766 776 790 795 796 812 818 828 831 833 836 845 848 852 853 863 874 885 886 898 911 913 932 941 942 955 956 963 971 972 976 979 984 996 1001 1004 1006 1011 1015 1016 1023 1024 1028 1029 1033 1037 1044 1052 1056 1060 1068 1071 1085 1088 1107 1117 1123 1132 1133 1142 1144 1145 1154 1157 1159 1162 1164 1166 1174 1176 1188 1191 1194 1199 1200 1206 1207 1210 1213 1220 1227 1228 1229 1230 1241 1242 1244 1248 1249 1250 1258 1264 1267 1272 1275 1276 1285 1286 1294 1297 1310 1312 1316 1319 1322 1326 1338 1344 1348 1350 1354 1363 1372 1376 1380 1385 1393 1412 1415 1418 1424 1429 1437 1444 1446 1451 1453 1457 1458 1473 1474 1489 1491 1493 1501 1502 1508 1511 1512 1520 1532 1539 1543 1545 1546 1549 1554 1560 1563 1569 1570 1571 1575 1579 1591 1593 1596 1598 1606 1609 1610 1611 1612 1619 1620 1623 1627 1628 1629 1644 1645 1646 1648 1667 1674 1675 1679 1690 1697 1703 1705 1710 1714 1715 1717 1724 1725 1726 1727 1728 1729 1732 1735 1737 1738 1741 1742 1745 1752 1754 1764 1766 1780 1782 1784 1798 1799 1817 1821 1830 1838 1845 1850 1864 1867 1870 1873 1879 1880 1881 1882 1883 1885 1892 1893 1898 1903 1910 1919 1921 1922 1927 1929 1935 1951 1955 1959 1964 1966 1968 1970 1972 1975 1977 1987 1989 2009 2013 2015 2021 2024 2030 2031 2032 2039 2040 2044 2046 2053 2055 2058 2061 2062 2068 2073 2088 2089 2095 2110 2115 2119 2125 2128 2136 2141 2145 2147 2152 2162 2167 2173 2179 2184 2185 2197 2199 2200 2205 2210 2211 2212 2216 2217 2227 2230 2231 2236 2253 2255 2260 2269 2271 2272 2273 2274 2275 2282 2284 2292 2293 2297 2300 2304 2312 2324 2338 2348 2349 2352 2355 2362 2370 2371 2374 2377 2378 2382 2383 2384 2385 2388 2389 2390 2400 2402 2409 2411 2413 2415 2417 2423 2426 2433 2449 2455 2456 2458 2461 2462 2463 2466 2473 2474 2480 2481 2484 2499 2504 2506 2513 2515 2516 2523 2541 2551 2553 2556 2569 2576 2581 2582 2599 2600 2602 2604 2619 2632 2639 2641 2652 2663 2664 2667 2674 2675 2689 2690 2694 2708 2721 2722 2729 2733 2738 2741 2746 2748 2751 2758 2767 2768 2769 2774 2778 2789 2792 2793 2798 2804 2806 2809 2810 2819 2820 2821 2823 2827 2836 2842 2846 2849 2854 2861 2863 2865 2867 2874 2878 2889 2890 2895 2898 2902 2912 2914 2916 2926 2928 2929 2936 2945 2947 2970 2977 2979 2980 2985 2994 2997 3001 3012 3016 3019 3020 3031 3037 3041 3053 3055 3058 3065 3066 3075 3080 3101 3111 3112 3117 3125 3136 3147 3148 3151 3155 3156 3161 3172 3173 3177 3185 3188 3190 3193 3198 3199 3210 3220 3228 3230 3231 3238 3240 3241 3246 3254 3267 3268 3275 3276 3278 3280 3281 3285 3300 3312 3314 3320 3322 3325 3334 3337 3338 3343 3344 3348 3350 3351 3352 3358 3364 3366 3367 3375 3377 3390 3394 3400 3405 3407 3408 3412 3413 3434 3446 3448 3454 3456 3459 3468 3471 3476 3497 3498 3501 3503 3504 3507 3515 3526 3528 3533 3542 3546 3547 3553 3554 3561 3564 3567 3568 3571 3572 3573 3575 3582 3583 3584 3585 3587 3601 3604 3617 3620 3623 3628 3637 3639 3651 3653 3655 3660 3666 3667 3668 3672 3679 3684 3687 3690 3696 3708 3711 3713 3722 3729 3731 3743 3756 3757 3766 3772 3782 3786 3790 3792 3795 3796 3797 3814 3819 3826 3831 3836 3840 3851 3855 3861 3865 3867 3870 3873 3874 3876 3878 3879 3886 3893 3894 3895 3897 3902 3905 3913 3920 3924 3943 3946 3947 3948 3953 3954 3959 3974 3975 3976 3977 3981 3984 3993 3998 4002 4010 4014 4015 4016 4020 4022 4033 4036 4046 4048 4067 4069 4074 4079 4083 4087 4094 4098 4100 4105 4106 4117 4137 4139 4143 4144 4164 4171 4172 4175 4180 4194 4199 4204 4206 4208 4210 4212 4217 4220 4225 4228 4239 4240 4244 4252 4261 4263 4268 4270 4272 4275 4276 4280 4281 4282 4286 4298 4301 4303 4304 4306 4314 4316 4327 4330 4336 4346 4350 4351 4352 4357 4359 4368 4372 4375 4377 4383 4386 4395 4406 4409 4412 4413 4419 4421 4430 4435 4441 4444 4445 4446 4449 4453 4466 4469 4482 4486 4487 4489 4497 4499 4506 4515 4516 4526 4527 4538 4548 4563 4565 4567 4572 4574 4577 4585 4587 4606 4608 4610 4613 4617 4622 4631 4646 4648 4649 4650 4660 4671 4673 4687 4688 4690 4696 4706 4709 4716 4720 4724 4729 4732 4733 4734 4737 4743 4745 4751 4760 4765 4776 4783 4784 4818 4820 4823 4826 4828 4830 4841 4846 4854 4858 4873 4874 4889 4897 4904 4908 4915 4917 4919 4922 4931 4939 4941 4944 4950 4952 4955 4976 4980 4982 4985 4986 4992
1410 3050
1833 3907
1188 3913
47 440
502 1821
1258 3343
1596 3414
963 2979
1475 1661
1959 4612
2327 3311
1121 4918
1419 2743
160 2272
714 963
877 2592
1798 1882
2357 3892
1157 2064
212 1053
64 4585
1980 2746
1036 4821
1907 3920
2205 4372
970 3953
1191 4268
156 2538
373 877
695 4376
1955 4648
2222 3268
2282 4944
477 4826
217 2630
80 4262
612 3172
2173 4648
1724 3111
1954 4894
967 3315
21 4228
2111 4345
1079 3726
32 1224
814 4826
610 1567
1893 3020
1601 2346
1597 2709
1001 2236
1235 1720
1543 1690
1419 2404
2178 3601
1210 3032
1407 2290
1335 2597
1259 4822
1101 3851
2330 4813
1169 1562
979 1015
162 4556
554 1751
75 2930
2032 3515
2031 3185
2125 2390
1113 1716
1989 2253
1258 2212
955 4275
2022 2260
766 1511
1750 4631
1091 3810
1648 2873
1517 2662
1028 4441
101 4789
1147 2595
491 3894
913 4098
7 3464
2216 4931
491 3322
2199 3573
2224 3414
689 4950
647 3248
448 4931
257 274
1339 3823
600 715
1754 3405
1226 4131
2205 4559
984 3400
1543 1881
1873 2485
1798 2541
1873 3343
2002 4194
1281 1534
885 4660
1825 1880
1815 4844
1381 3499
1094 3106
1361 1746
1425 2011
544 1907
1503 4118
587 3694
1402 3269
1513 4859
1026 3957
55 3668
2352 2694
1679 2200
2199 2689
1882 2552
1639 2767
1956 4575
2194 4120
121 1745
1272 1516
438 3728
1124 3600
1728 1864
1066 4328
483 3839
746 3515
560 723
616 4751
955 3357
2221 3020
260 285
1742 2605
490 4268
508 1117
863 974
1012 4555
335 1289
142 4445
1994 2250
2411 3020
709 2646
2039 4327
2347 3993
1465 1978
592 4349
95 2645
1089 2407
93 3528
821 911
643 3086
1364 1893
761 4486
1228 1575
1375 4650
595 4108
131 4820
976 3711
1575 2176
1061 3084
429 4071
2013 2902
539 4457
2179 2769
342 723
645 4395
2051 2349
1022 4452
559 3222
2023 2982
637 4897
1784 4430
40 370
705 1261
1886 3089
2362 2751
281 1060
1714 2216
1814 2576
2176 3750
1668 1879
2108 2636
667 1561
1381 3050
594 1977
908 1465
32 3595
2219 2317
2046 4139
740 1734
2147 3620
2236 2849
2048 3551
1835 3424
1220 2009
1601 3622
2361 3526
151 2159
1393 3279
2017 3920
2230 2789
924 2688
1648 3583
1879 4016
607 2182
958 1721
787 4348
1932 3925
1935 4002
33 3269
2200 4278
1596 4306
2062 4963
334 1363
1944 3106
1024 3796
1975 2293
43 1228
2209 2885
927 1304
723 4874
464 817
2114 3946
333 3324
343 2392
552 1023
1275 1412
1743 3842
925 1922
2372 2916
1826 2043
219 281
2274 4506
638 4613
2096 2201
1052 1191
2033 4773
1185 1207
967 4712
775 1628
806 1171
2048 2749
1545 2867
2133 2751
1244 2409
644 4057
417 2337
177 4873
2275 2671
1078 2343
637 3826
22 3971
2381 4617
2265 3951
1604 3211
678 3942
1179 1208
2230 3031
1757 4862
176 3241
671 3188
1815 2068
1957 4124
366 4526
1252 1981
180 2278
1575 2462
1264 3254
455 2056
1713 2010
1132 3244
1563 4194
1742 2902
1892 3058
2370 4760
540 4253
214 4966
1589 2288
1806 2521
2226 3493
913 2970
1297 3766
2059 2203
2286 3114
694 1419
1227 3728
2013 4919
2150 3852
1821 2021
2089 3705
1776 1899
120 2655
523 3066
771 4347
1501 2516
1027 1727
1694 3791
1714 4585
923 1220
1674 2128
1455 4906
2352 3104
2276 4694
2173 2861
223 2189
1132 1570
1004 3267
16 415
905 4664
1364 4129
327 2069
748 1739
1351 2027
626 4646
584 1424
459 1767
2260 3567
72 447
674 2293
194 997
915 3670
1409 2407
1151 1619
2261 3164
1294 3231
2158 4219
1385 2210
491 3554
1743 2202
509 3871
2072 4728
1290 1585
1563 4660
1773 3980
2308 2797
1746 4382
1027 4284
2386 4437
2171 4393
1040 4388
1213 4191
1176 1210
1782 2582
2003 4637
281 1085
1023 4948
1037 3512
1143 2073
578 1369
1631 2539
211 3007
394 3691
913 1359
213 2127
1450 3128
1885 4430
1961 2895
95 325
468 2508
1773 1887
2204 2323
875 1483
1310 3202
2210 3861
161 3075
351 1540
1076 4258
552 4357
1397 3761
1738 4765
2024 2178
353 3997
1133 2058
552 4346
1344 3101
2161 3174
1196 3436
97 1981
1364 2355
2173 3471
153 3666
1611 2690
617 3856
2009 4617
1742 2604
242 3185
1885 4409
1318 1402
2217 2857
929 1234
2408 3175
852 3019
707 4823
572 3499
563 3554
1686 2997
1437 3977
2297 3977
1451 3325
1241 2745
285 1338
1431 4620
227 4129
964 2623
1327 2298
1145 3550
1276 4330
704 4208
381 2032
1491 4733
1678 4790
646 1727
364 2881
2266 3806
963 2619
1508 1690
865 1711
343 3338
1259 1694
255 1714
1229 3623
668 3613
1453 3953
1285 3488
202 237
299 2952
1380 3199
251 2667
1162 1966
1071 1220
1368 2372
546 3765
1071 1310
1011 3975
199 540
2063 4762
2402 3897
246 4733
707 1591
2205 4617
562 2231
1444 2145
58 3112
111 3542
330 2339
1826 4059
1042 3436
1317 3117
2273 3840
1206 4002
482 3951
2211 3743
644 906
1037 4873
545 3673
1989 4489
1742 2227
2307 4034
2261 2487
747 3925
389 988
30 425
862 1035
433 2883
409 3174
1228 3448
1387 2421
449 2137
1579 2571
1628 3378
957 1266
255 372
1736 4606
1994 4249
715 4729
1354 3358
591 2661
2062 4067
265 4010
1952 4065
680 3939
976 3471
2327 2764
450 2580
681 3235
1929 4922
2395 3947
1742 2945
1741 3236
365 503
1279 4602
1738 4716
2237 4078
1899 3704
141 2342
2397 3510
1571 3660
689 3920
1509 2270
1450 3338
354 4776
1232 2154
102 4915
1840 4791
2402 3861
1294 2031
1338 4372
534 4713
393 2388
392 3117
35 3676
236 4227
1906 4970
1200 3267
74 4427
1388 3799
19 1887
760 3248
1194 2417
378 3434
2258 3076
1968 3981
268 2333
1528 3038
319 4547
499 1572
506 2475
523 2890
1407 4087
2162 2162
1732 2308
2152 2383
271 1882
2302 3742
2111 3740
1372 4446
145 2216
105 3453
1919 4171
18 1509
121 2608
1235 2071
645 3722
1846 4631
2335 4025
811 4755
1457 2032
734 3337
2098 3553
1797 2828
1194 3325
281 550
1103 2298
2056 3576
1667 1714
270 1071
656 1579
1955 4841
2168 4680
2024 4577
2073 4212
2288 4197
2295 3965
2364 4977
897 2437
208 2729
1957 4843
1829 4719
1188 3570
1216 1772
874 2774
1056 1619
925 2892
190 2024
2242 2593
188 3938
1645 2068
421 2963
1987 3113
86 278
1207 1539
1162 2024
2124 2953
1593 3797
655 1919
2272 3434
743 1829
2409 3156
2053 2088
739 2580
1847 3336
1726 3459
2072 2608
521 3873
44 4457
1154 4083
2042 3090
1457 3628
2213 3986
1205 3299
233 4955
1085 2979
448 4828
1276 4398
192 3487
69 2240
54 1375
937 4984
1508 2751
2162 4449
406 1380
1383 1594
1898 3276
1079 4979
1380 4046
1164 2304
2062 4255
1415 3137
107 2649
1512 3503
410 4690
2062 3352
709 4611
1838 3278
1836 2259
1457 2721
301 4190
1354 2804
1350 2164
1258 3314
1845 3283
2063 4323
172 3359
1293 2708
542 3001
1242 3461
627 1132
1945 4714
526 4267
851 2543
913 3628
1303 4264
2386 4104
434 1030
1292 2912
501 4515
1258 1570
1567 4715
1546 3337
523 752
1784 3185
738 2873
1654 3883
706 4208
216 1679
1881 3561
1191 4046
726 2865
512 4766
2028 4341
1024 2458
582 3594
1525 4879
1197 2560
355 4385
75 3667
153 4455
375 1559
1639 2171
1309 2167
1147 2141
481 1163
2047 4591
1611 3948
1088 3136
1893 4144
2200 2227
624 2274
130 3118
1698 1800
685 1845
1147 4556
456 3510
120 3067
1637 3307
981 3515
863 3276
1003 1089
735 3526
856 1703
984 2690
446 575
1170 2955
833 4745
652 3999
606 3585
1120 2700
35 3183
1921 4497
172 264
737 3740
1316 2722
742 4140
2312 3454
1264 3596
1026 1588
445 491
592 4038
1975 3276
2383 4137
1251 2128
2024 3672
2147 4143
1004 4538
984 3687
2341 3105
1907 2205
1115 2712
300 3008
536 4330
1105 3061
971 1987
1951 1964
2282 4139
1312 2545
707 4765
94 3576
845 3998
1211 2418
264 1444
250 4514
243 2610
1228 3231
887 2637
977 2459
268 3695
425 633
2388 3679
1754 2865
1950 2766
441 4330
2068 2772
1333 4371
163 1324
1760 4376
1257 1618
1304 2693
2197 2482
648 1472
1760 4383
554 4268
450 2818
1703 2383
1294 1880
549 3350
2192 3242
354 555
286 783
2300 2997
554 4892
1122 2328
323 1689
1035 4199
1006 3947
2018 2630
1893 3879
892 3228
2265 3152
2062 2810
1327 4956
510 2759
9 1471
2140 2640
967 3276
1918 4668
1620 2390
776 3938
491 2619
1640 1865
190 354
683 3641
973 2152
1250 2474
280 1821
258 4850
1579 3795
835 4685
509 1547
334 2701
1151 3608
210 4771
605 3344
146 1936
1646 4482
1080 4774
1553 3952
910 958
2324 4125
1926 2678
1166 3533
2210 3507
551 1728
383 2772
1555 1837
2293 3984
1598 2733
997 2239
931 1054
1394 3097
2024 4650
1879 3601
917 3092
452 837
2137 4057
1490 2628
270 3672
248 4352
21 2820
596 4575
2022 3726
1397 1620
1117 2035
1142 3193
1817 1892
2030 4303
1157 3673
1115 3976
2290 4776
1264 4395
454 2535
859 1453
1511 4002
126 2095
1713 2113
971 3797
549 720
992 2715
1615 3645
1474 2324
74 4647
2399 4882
2284 2523
1619 2609
953 3173
1648 2777
562 3976
822 2037
941 1617
119 2364
1064 1850
380 4469
1599 1958
1529 2590
1188 4617
1445 4370
1454 2707
1907 2717
1071 2415
1598 4237
2388 3905
1015 2474
537 3497
562 2784
671 3375
1423 2768
751 4457
2346 2693
2086 4463
51 3095
728 879
536 2374
2050 4706
255 2506
2382 3448
98 4091
670 1003
1912 3636
1799 3946
1188 1228
1256 3129
2186 4026
945 2161
2183 4508
1760 2054
1577 3272
145 211
16 4435
510 3070
681 3287
390 3927
884 971
1703 2985
790 2805
1726 3325
262 2131
1518 2874
523 4048
222 2549
160 4131
1326 1560
53 112
193 4967
1549 4270
2407 3260
1429 2384
1188 2200
1393 3020
260 1569
460 4751
170 879
2231 3897
1037 4706
2293 4173
1606 1703
775 2123
350 834
1880 3112
1375 4571
2214 3831
1742 4443
79 2376
2362 4486
951 1414
765 4870
562 4572
2361 4252
2389 4074
1724 1989
2397 3262
1629 2474
2110 2119
340 3919
734 3037
1011 1832
1552 1801
628 3030
672 4743
1476 4013
1895 2380
32 4743
1943 3137
502 2742
1838 2985
1174 1458
224 1703
2182 2932
502 1645
318 3275
649 4025
63 4100
213 4964
2409 2898
2385 4574
287 2984
1685 2144
83 3949
66 2523
2270 3012
1465 3454
502 3476
593 4776
145 2089
2193 2520
224 1372
2120 4742
639 3892
448 752
831 3065
983 2527
244 558
2338 3366
1924 2477
320 2106
2056 3538
1906 1927
289 3088
2031 2484
62 4348
886 1570
1571 4171
700 1138
1553 2645
689 1591
526 2722
916 2111
939 1038
2263 3146
9 4517
1497 2369
2105 3719
1078 1915
1512 2027
1283 2543
1955 3230
174 3126
1864 2619
1347 3862
701 4228
984 3361
2161 3460
1472 3434
1525 3398
754 1490
1604 3947
946 1616
801 1478
476 1173
1919 4036
1044 1996
2276 4091
757 3509
133 4459
1782 3352
517 1974
1112 4660
1814 2011
1182 3665
333 4670
812 4985
33 1392
886 1645
551 3865
1325 4966
2097 4037
1510 3678
1510 2483
224 2402
1374 4102
1097 3238
934 2818
1063 3989
1037 4002
1821 2863
428 3322
1208 3017
971 2914
2284 4709
2085 3747
2197 4046
24 370
1145 4599
1811 4175
2391 4265
2058 3948
133 3623
2163 2481
2167 4098
1526 4340
19 4858
639 4317
527 3151
1517 1560
2018 3487
1256 1501
1762 1828
1332 3170
1167 1839
683 1784
64 1258
1717 3278
831 1133
1617 3780
541 1705
224 2328
1285 2667
955 4532
1619 1725
1598 2370
362 2243
1705 4377
2022 4312
647 3672
1550 3468
1993 3576
48 828
1242 2582
1149 3295
2004 2600
1643 2490
1784 3993
2211 4329
1543 4884
362 2120
126 1511
1549 2726
1800 3758
1646 3726
2135 4119
683 4100
1053 4403
236 4094
1488 3131
1879 4622
1858 2125
2383 4858
309 685
2229 3381
233 4244
322 1312
820 3981
938 2691
730 1987
1983 4054
682 4620
454 556
1312 3790
777 3977
251 4453
1117 3110
1726 3352
497 3873
1280 2404
553 4599
1013 2562
1220 4232
932 4527
528 2898
1057 4365
483 1434
2257 4797
2344 4927
145 4020
1044 1568
1157 2804
1780 3218
971 1044
456 4881
895 3627
1393 4441
562 3109
540 974
2007 4020
786 1332
84 1145
135 4424
1799 3503
2405 2451
1142 2076
1356 2107
1784 4282
417 470
877 4588
1110 2756
1957 2773
1538 3842
1545 2789
1593 2936
1307 4799
2380 2619
1325 3742
1469 4618
1511 4646
201 2081
2122 3696
1826 2371
1659 4228
1669 2104
1130 2636
621 2100
1596 4732
2032 4098
759 3796
852 2253
1606 3041
1527 2668
1068 3756
1837 2437
302 4005
898 1294
1949 4529
768 1746
972 4716
1344 4307
1609 2928
1571 3351
441 4527
2400 4164
1513 1749
979 3561
1247 1859
223 1752
887 2541
661 2441
2269 3406
1281 3484
1856 3517
818 1066
50 1396
2087 3274
944 1493
93 2163
182 1342
130 3273
474 1713
254 3751
963 4346
1629 3975
1240 4732
1770 2122
336 430
1742 3116
549 3254
823 3987
1571 2449
1606 2040
1870 2197
384 3826
99 1838
1853 4539
562 2198
1395 4651
1685 2998
2046 3561
570 2871
2203 4968
1726 1727
1624 4616
2216 2778
2325 2565
2035 2276
2221 2810
244 2516
2119 4314
761 2146
956 1532
166 2824
752 2827
2353 3652
2303 3237
1481 4789
190 2534
2362 2772
365 1144
971 1322
1732 3220
1896 4202
1188 4658
2030 3958
515 4194
537 3012
969 1944
2370 4346
503 2491
1200 3680
563 2451
1286 4321
992 2293
317 4890
263 1673
429 3466
178 1691
53 2541
63 527
1732 2664
2306 3210
298 3825
1644 2312
2285 4475
1405 2351
453 1600
1945 3801
2185 3343
183 2304
257 4125
924 3354
43 2115
792 3754
126 255
1460 3776
874 1549
549 955
302 1438
1922 3355
2323 4620
2223 4718
1319 4487
1529 4394
948 4454
1197 3725
1052 4180
810 3617
2384 4941
1575 2874
12 3027
2024 3570
1883 2657
1058 3333
972 4499
1272 3400
656 1520
2344 2354
1154 3448
1740 1874
1742 2861
1062 2814
1457 4413
932 2417
1510 2327
831 2338
1353 3484
1200 3857
2178 2413
152 2729
2323 4795
845 1210
1307 4527
858 2840
1594 1809
1405 2339
1880 3274
1204 1644
2261 3600
2293 4082
1704 4614
950 3365
1301 2524
1458 4874
2356 2694
1554 3555
2371 3016
161 1316
1726 3976
216 4734
1133 4765
55 1850
1061 1704
101 849
2285 2867
2230 2388
1972 3471
178 210
108 701
1726 4387
1079 2499
925 1052
804 1884
1782 2863
940 1704
1938 2664
1519 2669
2185 3037
1242 3913
1254 4463
1628 4992
735 4263
656 2378
1407 1904
1108 3462
1258 1446
857 2483
1593 2324
424 2550
1107 4992
1023 2031
595 1763
1975 4687
130 3981
1628 4244
2243 3981
1877 3733
517 4673
2196 4702
1497 4686
2156 3830
1535 4627
1461 2197
1745 2603
2007 3546
911 2388
1140 2637
1511 3583
220 3837
1469 2939
2063 3993
2196 2335
911 1200
1364 4586
1024 3172
396 576
841 3437
17 188
2049 4259
1437 2338
1591 2426
1297 1775
920 1610
2343 4035
2200 3831
1571 4073
1270 3431
2257 4569
1028 1451
630 3924
48 546
466 2619
1493 2152
1710 3568
1676 4176
2234 3743
719 4443
1160 2225
2297 3199
44 4067
2188 2938
2355 2632
1241 3984
523 2185
2371 4011
2273 4282
963 2426
542 3871
1766 2426
1977 4992
1592 2639
173 4458
1444 3456
1264 1563
1487 1986
1399 2370
1845 2474
1458 4175
1275 2200
1644 3760
2354 3488
900 2952
230 2104
410 3570
650 4985
747 3871
351 3446
529 4786
752 2007
1085 3228
1553 2415
854 1898
454 3366
1495 3894
1491 4690
1879 4944
546 1408
1354 1745
1961 2903
717 1333
735 3233
217 2878
2159 2771
776 4745
431 2857
1033 2827
1379 2665
1423 4254
1923 3340
218 3580
1248 4526
1834 3842
1124 4987
1792 2703
322 4217
2067 4246
1595 4230
1821 1920
1501 1947
773 3345
45 4835
1578 3681
2402 3325
524 727
511 4589
1155 4347
237 3802
1830 3826
2128 2432
1125 4531
2230 4286
1750 2737
78 1333
2089 4649
2030 3797
2039 3772
1441 2111
396 1230
1298 2126
126 1627
921 1188
685 4723
793 1255
2300 4069
2323 4245
1682 2422
776 2317
1873 4033
2269 3523
859 1646
1817 4449
1566 2609
1892 2912
1644 2890
2362 2409
873 2978
1267 3568
869 1077
546 3651
2039 2912
1412 2458
911 2886
1860 4826
910 3936
1312 2053
907 2824
874 1056
747 4845
224 2021
1611 4051
1099 4838
217 4303
1880 2245
2076 4749
1696 2754
2172 4491
1106 2653
469 1679
2110 2793
281 3350
632 2439
1225 2189
2199 4577
252 4075
567 1200
955 2862
409 4015
1690 2939
93 1272
656 892
2044 3408
221 2827
1598 2916
547 3628
1373 4389
1269 4824
1412 2694
1249 3217
421 4020
616 2073
1423 4886
176 3533
2071 2935
524 2030
1727 4220
1037 1968
110 4619
2385 4164
1683 2912
523 2821
604 2103
948 1981
187 4976
526 1344
833 1885
1024 4144
1123 3281
1385 3865
1719 3380
1502 3268
1508 2599
1705 4874
1400 4008
838 1275
1181 2518
1299 4085
1752 3993
1726 3241
1088 2458
764 4498
2040 2516
2402 2922
1833 4040
1705 4362
1928 2434
1563 3281
1249 1977
1241 4094
489 2110
1745 2846
2055 4239
1908 3024
1206 2525
2227 2602
1643 3413
437 4377
874 4939
833 913
978 3365
1373 4730
2199 3861
1646 4958
1961 3993
2336 4121
2348 4435
760 3881
554 698
146 4270
1479 2463
198 4820
1708 1767
2106 3804
491 1033
2212 3975
2105 4385
381 2293
2254 4035
56 4206
2132 4218
1812 4867
1766 2686
1570 4950
1700 3472
392 643
1350 4140
1715 4566
166 342
2126 3968
1429 2874
1288 4462
1569 3282
21 890
720 4598
517 4696
1823 2586
1831 4443
2070 3640
1703 1970
21 1799
2221 2985
1024 1593
1522 2618
603 979
746 1868
2208 2482
2382 4282
1697 3977
1196 3432
1157 1453
2137 2138
2213 3376
940 2690
2378 4438
2197 2723
562 2384
8 2964
833 3839
1447 1852
1752 4351
435 1463
1312 3846
472 4550
871 2191
1386 1898
237 4039
2002 4512
301 3275
1977 2227
633 2694
2089 2898
2320 4377
2399 3743
1174 1521
1393 2916
1344 3879
55 2357
255 380
776 2199
1817 4706
220 1169
2061 3457
63 3651
2181 3334
2213 4700
2320 3474
1549 4143
884 1488
2151 3085
837 4429
2040 2854
2206 3509
1571 2205
1000 3665
1785 1879
2210 3199
2292 3666
27 1575
1244 3617
1858 4374
1737 2675
1735 3137
209 3489
588 3566
923 1640
1589 2328
2179 3413
2304 2849
1715 4487
907 4939
1015 4557
1523 4982
814 836
2358 2488
976 1512
1385 2236
2400 4972
564 1112
1758 3582
1667 2197
524 2729
1125 1700
1542 2554
2376 4495
236 2532
2348 4449
941 4412
1015 4202
1046 3665
145 4314
110 2130
1555 4900
764 4335
1310 4696
836 2143
376 2086
1754 2973
1592 1706
2402 3280
1238 3510
469 3981
2088 4430
942 2466
1966 4204
281 2938
1428 2286
323 2300
236 2693
1229 2759
1336 4815
976 3876
32 2198
157 1253
28 4530
1814 2350
2044 4048
1644 2473
606 1548
202 3298
1916 2062
2378 2546
483 1128
1039 2519
170 1904
2197 3300
611 3774
619 1055
734 3526
1206 2423
1085 4359
699 4225
727 2389
1409 4814
857 1240
1792 2141
911 3501
1004 3463
1744 2943
2141 4036
2359 2888
2231 3111
1297 4281
2189 2702
1418 2402
1442 1825
654 2482
96 159
271 1635
847 3151
1644 4603
836 956
2013 3946
1272 3501
357 403
1251 1657
2301 4116
932 2173
919 3104
1000 2821
1512 2423
222 3826
116 3166
2117 3491
1215 3953
734 2849
552 2827
64 3564
2383 3998
274 1236
1587 3002
2108 2290
1004 3075
1589 2871
2189 4636
668 3191
300 1615
1071 1968
1903 4083
932 2991
1674 2273
2068 4671
390 2107
1592 3015
1612 1883
1046 2059
2173 2898
1354 2136
1371 3225
529 4447
1430 2515
1375 3517
181 3514
824 2840
1353 3917
759 3380
919 3376
1679 4584
1191 4649
1725 1817
141 1845
1297 2040
489 2421
1656 3767
2068 4042
1956 4490
2223 3856
713 4749
1111 2333
2146 3012
30 1894
164 2742
820 4037
1761 3253
1002 1787
963 4873
1418 2799
792 4466
1501 4015
1473 3095
1603 3865
1482 1934
1805 4598
105 4540
1154 3120
913 3660
2066 3763
1661 2277
1966 2741
491 3156
86 3254
1972 3053
465 965
2147 4386
2264 3989
1522 4148
1414 2877
1891 2639
1766 2576
1886 2567
122 4706
459 4894
2383 3667
2193 2799
1152 2028
878 885
2388 3405
1097 2871
1705 1893
192 3384
2185 4952
1508 3876
450 2738
428 2147
2089 4671
278 3858
731 2449
2145 4587
368 2445
1687 2642
1549 1628
1206 4671
229 683
2205 3220
1157 1972
881 4364
2286 3896
705 1171
1248 4275
2312 2417
93 4269
616 4950
1021 3665
1132 1142
1247 3615
212 1612
248 1344
2034 4199
105 2914
1571 4506
685 4703
735 4751
2141 3772
772 1311
623 2810
2377 3583
1799 3448
918 3506
1621 1813
203 1285
1276 3893
1056 4337
1236 3791
1628 4281
2118 4094
689 2125
1666 2921
392 3350
229 3207
414 4136
664 2594
738 3374
1094 3336
1502 4453
689 2383
10 3845
772 3953
48 3190
2147 4516
1997 3977
879 3288
252 4791
781 4551
2061 2792
1272 3314
982 3981
822 4022
1025 1230
325 629
1032 1691
309 1783
474 4603
2230 2255
1068 4069
288 3699
397 2270
1579 3781
134 1312
57 1684
1269 4311
1126 4188
2376 4230
335 2368
1927 3281
130 3448
1543 3867
296 1647
1799 2751
1604 4987
607 2897
280 4298
1247 4878
2385 3228
703 4873
354 1910
2052 3726
1927 2211
733 1213
1656 4190
1457 4499
1927 3111
41 273
703 1071
735 4489
113 476
1148 3468
1428 3466
491 4572
795 4712
1322 2663
612 3222
549 2347
