100 100
5 21 29 41 54 84 121 136 141 154 181 182 189 200 206 230 235 240 243 246 250 255 262 263 266 297 301 304 325 334 342 344 354 369 371 384 392 393 398 399 405 426 430 431 432 442 447 472 475 488 491 493 503 511 522 528 541 549 558 565 608 621 641 655 663 679 685 695 701 704 711 714 719 733 760 768 779 792 803 806 808 815 841 849 854 856 861 867 873 880 911 928 930 935 962 965 983 988 995 1000
243 266
276 875
216 563
175 823
121 861
375 378
41 182
141 240
250 301
73 574
189 1000
266 634
472 841
163 667
79 120
426 663
195 445
325 565
206 733
250 266
325 704
263 880
398 491
321 432
255 266
386 553
271 414
323 596
256 358
477 751
141 806
475 884
189 472
399 935
24 864
430 475
354 806
73 398
240 391
294 759
190 920
180 978
54 880
325 714
15 772
478 570
84 235
108 789
371 528
339 408
475 949
269 396
235 928
392 528
388 498
426 711
187 657
57 823
73 710
177 492
246 371
430 854
136 806
196 876
189 301
243 997
267 592
178 438
398 685
460 498
486 978
184 715
76 354
111 247
289 381
389 668
181 808
84 475
154 983
198 949
431 962
448 539
259 901
223 361
206 493
21 393
250 779
170 246
118 756
124 220
255 792
142 544
155 842
449 480
111 824
178 712
348 910
329 466
325 854
375 707
