500 1000
3 17 51 55 66 93 144 152 153 158 182 189 189 203 216 218 221 221 225 226 231 236 259 265 274 281 308 315 317 319 325 326 338 340 356 366 377 404 408 409 424 451 457 465 503 515 520 532 552 562 571 583 590 590 603 604 608 611 612 617 683 684 692 711 715 715 724 745 746 768 787 792 795 798 814 816 824 826 834 849 851 856 859 867 868 877 903 929 932 935 941 954 966 1001 1003 1011 1015 1018 1022 1022 1022 1035 1040 1043 1043 1049 1057 1088 1092 1111 1118 1129 1129 1163 1169 1173 1175 1178 1192 1194 1217 1218 1222 1261 1261 1266 1291 1296 1304 1315 1322 1325 1339 1347 1353 1403 1417 1479 1482 1482 1483 1484 1489 1497 1500 1500 1516 1517 1520 1523 1524 1528 1529 1542 1544 1577 1577 1579 1592 1594 1611 1627 1630 1642 1644 1653 1661 1665 1678 1693 1697 1704 1706 1713 1718 1720 1720 1731 1733 1738 1738 1750 1759 1764 1803 1811 1830 1836 1857 1861 1865 1895 1897 1903 1926 1928 1936 1945 1959 1973 1985 1997 2002 2041 2047 2049 2050 2069 2078 2080 2083 2084 2085 2088 2090 2091 2099 2103 2112 2119 2125 2134 2142 2152 2154 2166 2166 2191 2221 2239 2252 2256 2265 2277 2277 2279 2297 2303 2304 2305 2312 2319 2325 2357 2373 2376 2379 2381 2384 2397 2416 2460 2469 2469 2472 2487 2505 2511 2516 2525 2549 2549 2551 2556 2565 2568 2576 2595 2599 2607 2612 2619 2631 2649 2653 2664 2701 2709 2716 2729 2730 2735 2739 2772 2773 2789 2802 2809 2809 2814 2838 2838 2847 2851 2857 2868 2876 2894 2908 2915 2917 2919 2921 2928 2937 2948 2961 2968 2991 2996 3006 3024 3035 3050 3108 3145 3145 3147 3155 3168 3170 3177 3178 3182 3193 3195 3198 3213 3215 3223 3241 3250 3252 3269 3283 3312 3330 3341 3346 3349 3362 3363 3367 3375 3443 3454 3465 3465 3468 3471 3476 3477 3505 3509 3510 3510 3520 3527 3534 3539 3559 3570 3589 3613 3624 3628 3638 3639 3639 3651 3657 3663 3678 3680 3691 3695 3697 3701 3747 3753 3764 3780 3787 3804 3807 3811 3835 3842 3847 3864 3868 3870 3904 3907 3929 3938 3953 3955 3968 3978 3980 3994 3997 4004 4006 4014 4023 4044 4062 4062 4063 4070 4083 4114 4116 4119 4124 4124 4142 4163 4165 4169 4176 4193 4211 4216 4226 4257 4270 4272 4275 4284 4293 4310 4320 4333 4336 4341 4346 4371 4394 4398 4411 4432 4444 4444 4452 4460 4460 4462 4463 4489 4493 4520 4527 4540 4550 4550 4551 4602 4609 4610 4636 4639 4646 4663 4668 4676 4679 4683 4694 4712 4713 4745 4751 4755 4759 4778 4779 4792 4823 4824 4826 4844 4850 4850 4851 4871 4875 4884 4885 4890 4891 4915 4922 4937 4942 4973 4986 4990
4462
4884
1836
3701
4915
269
2174
4885
4226
158
503
1759
1496
2619
3510
4293
2376
3363
2716
4792
2631
4956
3864
308
216
2948
1500
2112
1803
1627
278
1720
612
2599
3443
2772
4336
4712
2090
2607
1845
1811
3753
3178
1567
1524
4602
792
571
2304
2347
404
571
4493
1022
715
1862
4047
189
1945
2297
2595
3695
1653
1604
4885
1118
4310
1678
2384
1959
4463
3252
3310
2041
2203
4006
4851
1880
768
583
3241
4460
3468
3698
1169
890
2397
2915
4114
1482
2565
4346
4679
4796
265
4177
724
225
1482
4826
2265
2915
1266
1709
3959
4745
2090
4850
2607
451
3941
465
3907
2138
849
2921
4006
3864
715
1497
1706
611
2376
1697
1516
2303
1043
1757
4792
1592
2317
2961
3819
1959
612
1479
4163
1895
4520
3024
2854
4463
4609
515
717
4826
2221
1339
2838
1049
1011
2069
2338
153
1163
3050
2103
2631
1483
3697
739
424
2328
4211
3595
3980
158
2516
4779
4044
3349
1928
218
1959
231
4610
3613
1661
4679
3177
2961
3613
1189
1985
4891
3363
2565
1169
3714
2961
3178
1194
1517
2070
4116
3352
1803
2091
2048
4937
1222
1803
4990
4885
147
2919
2297
3411
2002
1315
3443
4745
317
4062
3701
2565
1733
3476
1291
2851
1163
4711
4258
1315
856
408
2379
3015
779
51
216
1353
927
1092
552
4646
4257
3753
1392
1517
4824
2704
1865
1249
2134
2357
3061
2516
2487
1731
4267
2809
3526
52
1544
2709
867
3213
4602
3994
3168
4676
724
4745
4663
4759
2968
4452
3753
396
1738
2730
1697
2810
4062
1517
1611
4284
2091
1577
2565
1479
1524
1577
1580
4460
966
3904
4759
1041
4114
274
4444
4062
4432
2820
2088
216
1865
8
2080
1325
1325
51
4751
4385
2948
4745
4432
2568
1644
2857
2119
2991
1961
281
4609
281
3978
2768
3509
745
1592
4525
4595
834
424
4652
581
1579
408
4718
1092
325
3170
338
1092
2088
867
259
3367
849
4826
2069
4165
3182
4452
1364
4745
1500
356
1718
1764
4063
2739
2876
515
2915
1528
93
2125
3678
1304
4871
792
3866
590
3241
562
1653
4551
2221
3904
3430
2152
3608
1042
1482
1018
3509
3198
3465
826
3389
511
2505
4754
3308
692
4639
2002
2277
4668
3764
1129
3807
1679
2487
3145
325
259
1218
4823
4062
4444
1483
2245
3864
1778
4411
1169
4216
259
2279
4444
1661
2047
2277
3576
4394
1697
3968
3349
611
3868
1194
1644
3558
319
1653
4024
532
1523
226
1579
2033
2549
814
4124
4937
2303
55
2402
158
4806
3145
4713
4550
3170
2447
2549
2252
4609
520
1322
21
3170
4922
17
308
3764
231
1500
2265
746
3624
4371
2701
2125
4310
1043
3764
3938
520
1542
3929
340
457
3994
1542
3102
354
2729
4346
2631
1043
1528
2556
2701
981
1903
1261
2729
1544
1997
3178
700
4751
4124
3609
892
4663
4006
746
274
3804
4394
2549
3978
2142
4884
3007
3804
3953
3764
4004
3989
1322
3910
2876
3510
3639
4646
515
2373
4320
4588
259
4275
3835
3443
724
3520
2908
1528
3291
3856
1997
3651
1579
2522
1043
2917
2551
3510
2937
711
638
2948
4826
715
941
2838
4550
2002
2908
4169
3807
1926
1347
2252
1351
1003
1720
3807
724
2773
932
4333
4284
4589
1996
308
221
3787
1764
231
4890
867
849
4044
3006
3416
4636
4942
4877
2142
189
2937
308
2556
260
1479
4875
3465
4577
2739
1173
4676
1043
2739
3570
2921
2847
404
438
2921
1261
2802
3
3904
295
4320
3904
3250
3663
1665
3730
4891
3252
590
824
481
2709
434
1011
2275
2080
4915
1121
3628
2649
1001
3994
3639
4875
4270
221
4070
4165
2191
954
929
4211
3929
343
851
726
247
3969
3223
2894
4778
4193
4826
652
3215
2103
3501
2416
3695
3657
1720
66
932
1523
4826
4444
604
3215
1731
338
205
142
684
2940
2303
2716
1746
3198
3829
1111
1945
1644
1704
2904
3589
1057
144
3997
4320
3980
2191
4712
4346
4826
4694
3904
4275
4712
1642
3868
1173
2119
1304
2125
4062
3006
2080
4193
3312
1049
4226
4775
2809
746
1497
4650
4505
2300
3864
1032
3195
3955
1497
326
1577
1339
213
2585
1523
244
216
2501
4438
4346
2857
1043
3
221
2411
2701
4792
746
4639
4942
3968
2239
1111
3505
834
1579
4445
2921
4062
3336
868
3229
1007
3510
4636
552
1175
356
457
2576
3953
3559
4694
2668
2739
2088
4025
2832
2304
4333
2772
4493
1652
4124
1704
724
932
2078
1973
1497
2763
1542
2568
768
4778
495
2397
2142
4119
1508
3855
2381
1661
705
4062
1353
1497
3509
2270
642
2125
4915
4310
3870
2472
3250
1731
2701
182
308
4850
1217
1095
3764
3252
1132
2050
2357
1304
2773
2297
4585
3507
2379
604
225
859
3539
4444
1693
2304
1911
3368
2239
1118
3877
4275
2653
2851
3145
2757
1857
4609
2809
3904
1484
2773
4890
4850
1022
4293
4411
741
4712
798
366
745
317
4290
3362
4818
3223
4779
3147
2090
2103
1175
4826
1484
622
1517
2568
3510
366
4646
3834
4341
3953
2083
2701
4890
2838
745
520
1337
2471
2894
4347
4463
3682
2319
2908
3590
2968
3639
366
4411
1022
4044
3346
451
2991
867
4663
1803
1611
2857
2812
2047
3341
189
2942
604
2221
1517
826
3468
3349
1895
3628
2929
2319
3465
2988
1738
1443
3811
1018
2692
2838
2511
3527
3812
178
4044
1296
2083
1296
3639
1488
715
903
2125
859
378
998
929
2868
3938
4844
1011
692
3509
4835
2549
1627
2676
683
2612
1857
2505
341
612
3510
3195
1094
1517
4875
1018
787
4268
4460
1291
1173
4489
1192
4546
1579
2525
2961
3570
1731
3994
1738
1015
1642
711
3080
424
4208
189
4333
377
