1000 5000
2 5 8 8 8 17 30 35 52 58 58 64 87 90 99 124 163 165 178 186 188 211 226 240 247 271 287 294 296 311 311 311 320 325 335 346 349 354 371 371 372 377 392 402 413 417 418 422 426 426 428 442 456 480 512 517 518 531 532 548 557 568 575 576 581 581 589 594 609 623 623 627 629 645 656 669 677 687 696 725 735 756 770 785 785 819 822 835 841 859 870 875 885 891 897 897 904 911 923 930 933 937 937 967 975 988 993 993 1014 1026 1027 1028 1034 1039 1044 1054 1058 1062 1072 1081 1101 1107 1135 1137 1148 1159 1161 1169 1185 1186 1220 1227 1236 1240 1248 1260 1284 1291 1307 1307 1311 1313 1319 1323 1328 1331 1339 1355 1375 1383 1383 1384 1408 1430 1445 1463 1465 1470 1471 1475 1496 1498 1504 1511 1521 1548 1548 1551 1574 1575 1601 1601 1602 1654 1655 1661 1665 1672 1683 1692 1694 1702 1705 1734 1749 1777 1793 1793 1796 1816 1833 1834 1844 1844 1877 1883 1883 1884 1884 1887 1889 1898 1915 1919 1944 1949 1973 1974 1994 2033 2051 2053 2056 2062 2091 2099 2102 2104 2108 2130 2140 2141 2146 2151 2158 2161 2164 2166 2180 2191 2198 2203 2216 2222 2222 2236 2246 2255 2256 2257 2269 2277 2289 2304 2305 2309 2314 2323 2359 2360 2373 2376 2384 2385 2388 2391 2421 2425 2428 2443 2447 2448 2466 2469 2473 2491 2497 2498 2501 2508 2512 2529 2534 2563 2567 2574 2611 2612 2617 2624 2641 2647 2665 2669 2685 2690 2697 2703 2713 2715 2715 2724 2747 2748 2759 2766 2768 2772 2818 2818 2826 2840 2845 2847 2848 2851 2861 2865 2897 2905 2906 2910 2928 2941 2942 2954 2963 2971 2976 2977 2993 2995 3020 3036 3037 3040 3046 3049 3052 3057 3067 3071 3083 3094 3094 3101 3110 3116 3117 3133 3139 3156 3175 3178 3183 3199 3207 3218 3226 3227 3257 3264 3271 3281 3297 3301 3325 3326 3356 3363 3366 3391 3405 3406 3409 3415 3418 3427 3429 3439 3445 3450 3451 3478 3482 3487 3514 3524 3535 3536 3539 3552 3573 3579 3601 3616 3662 3666 3673 3684 3688 3688 3702 3722 3730 3739 3784 3788 3795 3806 3863 3863 3865 3880 3897 3900 3903 3906 3911 3912 3932 3956 3960 3970 3977 3979 4003 4007 4080 4131 4140 4151 4155 4161 4168 4193 4204 4214 4220 4225 4233 4253 4253 4276 4312 4316 4326 4361 4366 4369 4389 4399 4413 4414 4422 4423 4430 4458 4459 4468 4480 4514 4516 4525 4526 4547 4550 4557 4563 4597 4597 4600 4603 4605 4614 4622 4629 4649 4653 4658 4670 4692 4700 4721 4729 4745 4784 4862 4863 4871 4873 4880 4880 4882 4912 4916 4940 4944 4957 4961 4963 4978 4979 4982 5006 5014 5016 5017 5049 5050 5054 5056 5064 5103 5119 5124 5140 5150 5154 5158 5171 5181 5184 5185 5193 5199 5208 5212 5241 5241 5251 5252 5287 5296 5308 5310 5313 5338 5339 5341 5364 5365 5371 5413 5416 5448 5452 5473 5478 5482 5482 5492 5505 5510 5521 5530 5542 5560 5566 5566 5575 5576 5577 5584 5585 5600 5606 5618 5621 5623 5631 5647 5654 5665 5675 5676 5677 5693 5698 5704 5712 5712 5723 5731 5734 5752 5753 5756 5760 5761 5761 5769 5773 5794 5806 5834 5858 5870 5879 5880 5890 5904 5905 5909 5919 5930 5943 5947 5950 5961 5961 5967 6003 6003 6039 6050 6057 6058 6060 6066 6090 6102 6102 6102 6104 6107 6123 6155 6155 6175 6176 6176 6199 6202 6205 6213 6223 6229 6232 6234 6252 6253 6279 6288 6291 6305 6306 6312 6321 6325 6328 6333 6345 6345 6349 6359 6365 6376 6383 6395 6408 6414 6420 6428 6444 6454 6460 6465 6471 6472 6499 6503 6505 6508 6511 6528 6545 6553 6556 6571 6572 6572 6573 6578 6590 6609 6636 6636 6643 6650 6654 6655 6673 6687 6699 6699 6707 6736 6742 6745 6765 6765 6802 6827 6865 6871 6872 6872 6872 6878 6881 6890 6894 6900 6902 6909 6910 6912 6925 6935 6952 6960 6976 6979 6985 6996 7007 7015 7027 7040 7055 7082 7106 7118 7170 7171 7185 7193 7194 7200 7203 7209 7238 7246 7260 7264 7290 7296 7304 7308 7325 7326 7330 7331 7335 7341 7365 7367 7374 7385 7394 7396 7408 7410 7414 7416 7416 7421 7431 7444 7451 7489 7491 7513 7519 7523 7528 7574 7616 7640 7654 7654 7682 7692 7702 7702 7740 7742 7748 7749 7764 7771 7774 7806 7809 7810 7815 7833 7849 7863 7867 7877 7878 7887 7894 7894 7898 7906 7916 7919 7920 7932 7943 7956 7973 7992 7995 7999 8009 8012 8017 8023 8027 8040 8057 8063 8065 8077 8096 8096 8099 8101 8107 8110 8111 8125 8131 8146 8153 8158 8160 8161 8162 8171 8183 8191 8195 8207 8209 8233 8235 8237 8254 8255 8272 8277 8278 8295 8304 8314 8317 8327 8328 8337 8342 8345 8351 8354 8357 8357 8360 8374 8376 8388 8401 8430 8444 8462 8477 8490 8493 8502 8503 8513 8523 8531 8559 8603 8607 8608 8627 8633 8643 8656 8663 8670 8671 8683 8684 8706 8706 8737 8774 8821 8823 8847 8852 8873 8887 8889 8889 8930 8937 8956 8959 8975 8975 8985 8988 8998 8998 8998 9019 9035 9043 9043 9043 9060 9069 9080 9082 9086 9094 9113 9124 9132 9139 9139 9196 9201 9212 9215 9221 9224 9263 9268 9272 9272 9280 9288 9296 9311 9318 9334 9340 9341 9345 9356 9361 9369 9377 9379 9385 9386 9415 9433 9447 9453 9482 9482 9516 9518 9520 9534 9536 9538 9558 9572 9612 9620 9623 9638 9652 9657 9672 9714 9732 9764 9769 9790 9795 9808 9823 9826 9832 9837 9841 9865 9867 9885 9919 9921 9952 9955 9959 9977 9979 9991 9991 9995
6655
5676
4725
9385
1240
2166
557
4111
7968
6765
8608
446
9905
7992
6607
2611
7193
785
8531
6102
3403
891
3911
8608
9764
697
1898
35
589
669
9612
2963
3152
1445
7651
2448
5181
4028
9334
7771
6925
58
1236
5452
9386
4516
629
4745
5880
1311
8873
5675
9221
6912
9652
8
6177
7692
395
897
2766
9361
349
4862
1191
3057
4871
5950
325
6414
2277
4563
9415
8233
9612
5505
7887
5542
1734
165
8847
8374
4701
3297
6654
4880
4940
9132
4316
4003
8068
5858
254
2
7053
9132
1284
8653
5776
1039
9212
8531
5676
2641
7335
9035
7654
5003
3366
6123
1665
5631
1844
5393
6057
768
2104
1654
2391
2906
3535
2371
9714
9264
5505
8671
8101
5193
924
7416
2845
8304
2141
99
2897
5712
2499
5560
1159
5905
6345
8502
442
1884
1694
2203
5416
1575
7209
8926
417
2359
3226
8207
735
4940
9638
9415
6383
628
8295
3722
8547
3429
1643
8513
1107
6349
9620
377
426
5473
6312
7304
1496
1511
3716
2712
6736
6505
1101
8462
2277
1220
5566
1777
5967
4071
9518
3795
247
287
6176
3227
1072
6279
5774
1836
8627
5000
9572
7887
7655
4605
4362
7519
7706
6872
6872
1977
6104
2188
3427
1014
5575
1979
371
71
6572
8502
6299
9062
5769
5076
6643
8502
4414
1786
4360
7742
3722
4193
2203
2360
8490
5158
413
8317
5761
7973
4605
1548
5566
7654
9894
7325
1375
4547
5675
5631
7331
1062
6699
623
163
4312
4171
3893
6609
7312
2851
8337
2391
5698
2391
1548
8656
1661
1328
9660
5338
9959
6175
7749
2161
8388
2376
1068
371
4459
2699
2666
1148
7999
3429
1692
6359
6365
9706
6572
456
426
9638
6495
9341
2768
5416
4161
9215
4784
2292
1994
9795
6232
2108
2748
354
6878
1793
3101
7877
819
8737
4802
3227
2534
5171
7771
677
1328
9911
5761
725
6395
2033
9638
3363
372
7815
4761
7916
6825
2256
320
9991
7616
354
5505
243
2941
3863
5961
8577
7451
2665
8706
9035
9534
2277
5452
8459
1248
87
9124
9594
7326
6232
3356
5734
21
9196
911
5806
8663
2865
4982
9832
4751
9620
8889
5478
8099
2710
9808
2713
2665
4979
7810
4468
8608
9082
9672
2164
1499
3101
557
7170
1694
1601
354
2715
3052
1186
930
3795
5967
5056
7932
8922
7238
6976
5600
3057
2611
1260
3366
9086
1498
3254
937
3445
2373
1284
418
3933
5103
8998
1240
2567
3409
557
7748
5621
6213
9415
7995
6716
3145
5576
3020
4982
4912
1227
8057
5704
6104
9516
4188
6472
2304
9997
9520
6871
589
5049
6508
6437
1291
2235
3117
1898
2906
6176
3083
5761
4597
1101
6829
5154
3271
3037
2755
8
6229
6528
6104
8249
1994
3406
7365
4003
1947
2995
6232
7742
5084
9196
6102
1198
1159
2995
5424
1386
2277
1844
589
6300
6109
4516
8670
7055
8161
6345
8183
2520
8195
8671
2977
2314
1886
1796
4216
1574
6960
5621
3601
9522
6066
1919
7693
5568
2130
2376
3529
3977
1654
1475
2665
2690
7341
988
6175
4537
9490
6772
8017
417
1504
7916
9919
5564
1884
7246
1062
1213
9526
9369
1320
9612
1408
5961
539
1311
133
2469
2976
6865
1465
4961
6865
2840
6828
9998
8040
4389
5296
8959
422
6752
5761
9212
1260
7082
7421
4916
609
5
5505
2130
7528
1260
9504
9288
9572
392
8207
5752
8
6102
3841
2203
1100
3524
4629
4315
1307
5341
5665
2202
8131
3391
6503
5056
885
6505
474
2038
3906
934
1796
7519
7733
7654
4614
7055
1558
4880
5909
8357
8603
4258
7593
2906
7246
6556
904
3409
9356
7742
7860
2
271
7185
1445
8930
5530
7960
8703
2861
4160
1884
581
1465
6003
8998
7747
1236
1884
2906
3427
1227
3133
4316
9321
1159
6743
4312
8955
4784
4276
7654
518
5365
8153
9296
5677
5909
7519
7260
8956
1601
2376
422
9885
4978
4077
3730
8354
1777
3450
2216
4422
2277
3906
1749
2309
8255
5158
3094
7082
5017
3932
4557
2024
2759
8998
5241
3487
4862
8656
2
6349
5908
7381
669
8388
2676
5890
6881
9280
1039
3116
696
3524
1887
1433
2905
7749
5016
5517
5064
9239
9678
2257
7815
456
9956
5017
3981
8675
428
3271
9482
3067
2826
4413
9155
3110
2897
2099
9826
178
9345
8782
4422
296
5014
1159
1915
2259
9059
5806
4963
7858
7894
2574
2818
3956
1185
5693
7374
8224
1574
2360
5448
3094
5654
6306
7945
2466
9345
5943
8670
2567
5904
3052
9221
2995
9272
8765
371
517
4366
9672
609
4670
7415
8354
8023
5566
5584
2091
5950
5918
2713
9955
9841
9094
6333
9925
4402
6611
5184
1471
9952
2669
9035
5413
4080
5371
6900
7920
1887
627
4488
2108
656
4151
5064
835
5665
6894
7992
4755
7171
377
3548
7416
4649
7401
3443
8099
5252
3903
480
5905
5631
5566
1884
669
4253
4233
6996
2
9885
58
1898
3057
4995
3116
2932
5919
5961
9634
4957
6650
2759
2376
9790
4721
7740
4458
756
3991
2126
8603
5575
7171
2715
7740
6321
3057
1101
1919
4784
4916
5575
422
5760
6528
4978
8361
3183
6643
124
3264
5413
7932
9318
9636
4298
9019
4389
5618
9991
7451
5119
897
1384
3036
6553
135
4290
5154
3409
428
4547
2091
3739
8146
9356
2099
115
1070
2892
5296
4193
7007
87
7394
629
5969
9124
9377
8852
8131
517
7040
2256
3179
4248
1844
6057
8209
5942
4151
9280
8063
3535
7264
1887
5185
5665
3036
3391
1159
1919
8328
5606
9482
8889
5731
1430
6176
6465
6925
5103
7654
6881
6636
2373
7325
6935
4784
9082
8374
1470
6090
7414
9806
3960
8027
8354
1692
8237
7932
5602
9356
5566
581
4496
8937
2778
1034
859
532
2304
3175
3297
1101
3524
9379
124
4312
9288
90
5339
8384
6731
3156
2617
735
1915
8110
4912
6383
30
9865
1898
1034
6454
4167
5199
1463
6232
5241
8317
3977
5834
2104
3607
3117
5772
2926
6060
7574
247
5961
8893
4516
630
3071
9724
7442
9790
2567
9534
1694
2391
2814
7906
124
9782
2257
4423
9341
4649
6654
1291
58
8153
5212
1287
8513
4516
4233
2941
2425
5967
7200
1884
8191
1601
594
2256
2203
9832
3133
1115
6176
2685
5482
645
518
4431
5313
8474
5693
4155
9867
2309
2409
8887
8643
9953
7654
1702
2624
442
3046
3702
5056
1887
1186
677
1303
9280
5296
3178
5753
9638
2323
8409
3605
1521
4220
3133
6107
4616
4982
532
6252
1445
1471
1919
8887
3784
271
7956
9867
5158
2151
3271
6365
8139
1974
819
5208
576
8513
8147
7437
9122
3897
1889
4003
5181
9823
9080
5967
9790
2908
9979
3094
6291
5140
5961
7894
9043
548
8523
2697
3175
4600
7906
2481
5600
311
4670
9612
3956
7865
7049
923
3445
6471
937
2810
3046
1734
993
9921
4653
4214
6909
8671
7330
2388
8195
1763
6155
3297
4422
2797
3514
2845
5760
6253
7654
186
5339
9732
8430
2508
7385
9899
2166
8827
1475
6508
6102
9672
1027
3851
5252
3601
7367
2158
3234
1294
2941
6687
2447
2563
5256
2942
517
6508
1311
6199
2099
623
8873
5184
3471
9837
112
158
5961
9282
6471
4399
8096
2108
1574
7920
2603
8158
58
2840
2994
3301
2906
5448
5413
1705
7920
5909
7920
9272
9608
7894
4563
8401
7654
8195
1949
6306
352
627
2563
8444
3445
8107
7290
2388
5542
6217
7256
930
3040
9808
6465
819
2887
1408
2388
240
4225
9572
6003
5482
311
9823
9482
1705
5163
4754
8937
923
5371
6960
8
3860
532
6328
1430
1702
4912
1818
7740
3684
1006
1654
6312
5577
5950
6345
9377
2851
9657
4369
2473
5909
7193
4557
311
5693
3897
4326
9436
609
5621
2051
480
8852
770
8643
586
1734
3730
5579
2448
9369
8501
2203
2360
3281
1915
58
5731
6283
3601
4617
933
5905
8161
819
8255
575
346
8847
50
3049
8153
5413
2441
7513
456
2158
2466
5482
5731
3117
165
1044
9433
8111
4037
9285
7491
8503
9885
5712
7522
3363
6253
1260
6765
6479
8096
349
1081
7899
3754
2102
9288
3006
4550
7702
4875
2006
325
8342
1994
8401
2963
9604
6176
8146
2164
2281
5824
7325
3217
6650
8057
2512
5341
1311
9415
1729
5252
3376
7325
6279
8040
5452
442
6881
1749
7898
1793
8110
9069
1944
8884
2102
8327
4204
8160
107
6449
9638
1574
9173
5951
6460
8146
7640
923
2888
5769
5731
6197
2373
1548
6503
4414
3590
2665
4690
6878
875
4600
8524
3487
4688
5476
8671
287
6819
6155
7702
8255
294
2697
4670
3325
1550
5665
5364
8523
7473
6663
6745
8706
2633
186
8357
8
3912
1504
2388
6465
5181
8153
1055
8702
6066
9885
5654
4871
4459
4125
4423
2724
3117
1062
5654
1498
3946
2641
4253
9921
5566
3325
8017
9043
7335
4286
993
7815
3535
6332
1602
7489
6590
975
186
3271
4516
1915
9272
7421
8009
581
5647
3108
2051
5482
9991
5628
9212
3133
4543
937
7771
6528
2818
4979
3482
9318
7330
7308
2314
9263
5753
3109
6465
9212
4563
2527
3183
1883
7394
9014
5890
372
1375
6175
1159
7396
4657
6472
3427
2669
1248
6333
937
5407
188
1821
696
9268
2116
8975
6349
3156
2647
9334
7133
9538
2715
240
7616
923
8671
3226
8354
8171
5448
4504
1575
6257
3579
1220
2938
9124
3366
5647
2669
7260
4155
7999
8101
4573
7616
6650
8111
2954
5119
413
6465
6232
8195
2198
4880
3765
8502
1137
8115
9499
5158
4963
426
2062
5769
650
8284
519
2309
933
6961
2062
531
6471
1496
9386
3183
3406
8608
2703
8643
1260
2979
8490
2236
8077
3906
7742
8526
7398
7385
3730
7740
2715
9080
3730
5452
1206
2413
2062
5016
4155
8374
6107
5577
8125
7877
8376
2832
6960
2140
9060
4080
8645
2818
7416
4944
9558
3163
8430
599
4459
2715
3578
5448
7682
6058
6058
4294
2186
3071
6325
4425
9623
875
3427
6612
5654
9955
1705
6279
6976
6394
349
2305
9019
2665
8063
7702
3847
6376
4422
5310
8889
6912
1028
2406
6414
1081
5154
700
7189
3702
1661
1257
3040
5344
4157
6609
8215
8337
8873
7806
2747
8245
2207
8633
1039
3702
2897
4900
3084
6229
8656
2928
4880
7849
2033
1346
3539
4247
1602
5761
5064
2848
484
7284
4692
9516
7238
1375
4366
2611
4827
188
7416
6039
2818
6766
1240
8004
7863
3514
1694
7451
2498
6745
6328
1470
8709
8560
3450
377
3178
8413
1383
1445
1505
3199
9385
9536
7877
1672
6505
2304
6045
9311
2851
9447
3418
2508
5193
6408
3284
5530
3450
4957
5690
8400
7264
9520
2146
3662
9341
1915
8
1994
7878
3707
576
124
5560
426
1445
1796
6050
2574
2665
8887
1498
7394
2647
5054
4432
1834
6952
7680
1227
6572
923
6511
2818
6985
8988
7894
6288
4653
2198
7396
7810
9113
4006
7887
311
6305
1465
3202
6461
5448
8111
6150
3406
4600
3133
1148
1397
7365
3962
1949
2670
6952
8776
6609
859
5310
3199
30
9263
512
64
7435
3139
247
1039
8374
3880
7308
2146
1181
8544
3524
7209
4202
5251
2999
7396
2447
985
1551
937
188
4369
5577
8633
8207
7203
9415
6175
3582
6058
6460
1665
6345
1311
4459
3806
8041
2146
7999
4007
1661
1810
2191
6176
1304
884
4597
1734
5181
3046
8357
2491
8360
8065
418
7331
2255
7906
296
2905
186
3688
4880
1877
1833
1253
3702
645
4957
7774
8337
5539
1284
3688
3451
5606
6510
7203
3071
2069
9288
1925
9838
8889
8998
8463
392
2905
2995
2713
2360
9823
6699
9421
2304
3363
8317
8374
6232
6372
5665
2928
9453
8575
755
967
8
6909
7574
3865
1887
9835
6329
4745
5806
7194
2865
2590
5909
1548
3573
287
6571
3046
5140
1722
6123
6414
6072
9446
422
2030
8444
1702
1034
8506
1502
5241
9204
8430
1949
6428
2840
9132
9081
1884
6279
2060
9080
9534
1844
6312
5056
7444
1039
9400
7325
5253
548
557
5482
7330
7017
4839
7519
2222
4625
6102
9826
2977
6279
6345
677
5124
5676
9139
4204
7921
7209
2747
3185
738
609
8444
5585
1034
1052
2156
7417
7365
557
4233
354
4871
5490
7906
4525
4961
2977
8523
8401
1551
8889
4193
1834
2748
3133
7431
1601
8337
9648
3536
7898
4326
2491
1898
7736
9106
3487
785
7774
4745
1944
9826
3381
3429
2954
8027
2976
417
5967
725
8304
8959
8823
5723
58
5712
2384
8314
7654
4204
9415
6232
4459
6454
7806
2104
5879
175
311
6872
1575
8351
2289
5712
1305
5201
1367
2166
3536
2447
6553
1375
6202
9837
8968
3101
1574
8360
8647
3976
2491
1601
3227
9952
6003
422
8493
2617
9955
1833
3049
937
4557
4514
4653
4780
7916
531
6837
3729
9019
3524
4653
1072
8823
5144
8627
5654
5676
7898
1039
5857
6505
1536
5296
9180
5879
2611
9311
669
512
4880
6345
2314
4480
9112
5910
3898
576
8357
2056
8989
8801
6365
3487
2222
3366
6909
4629
4979
6996
1702
9638
1445
2053
9043
4912
165
4514
8107
4214
3363
4982
2995
3653
5789
3688
4330
8388
2305
8608
9536
2164
3067
988
7528
211
911
4570
4413
311
6104
2385
770
4414
188
9795
316
6102
4389
1793
937
1054
1236
2942
3325
1973
1319
7164
9043
1601
2840
2051
1039
3684
4326
35
4632
8823
9518
2108
9623
6578
589
1705
2768
3235
8488
3429
9952
1574
392
1887
2067
349
512
2567
1749
155
1254
1498
311
7919
9977
756
4603
6996
4525
6571
8096
8357
1760
2151
6205
3409
1355
975
5542
6365
8633
532
5241
3309
6650
2928
7654
2669
392
9356
442
5577
4887
6092
2851
5017
7015
3903
7712
9837
3037
4622
7815
9412
4155
5698
2091
3297
1898
7408
2104
4692
9224
7678
9558
6678
2044
2118
124
3362
904
7118
6952
2910
528
4104
6003
2941
2567
4663
888
9146
3020
6643
3663
581
8314
6333
6699
8363
2567
5794
435
1601
4423
3688
9991
3616
9638
3133
835
4327
8852
6153
594
2289
5006
45
3052
7341
1672
3912
5505
6253
3226
1602
2102
5566
1844
2641
5905
2995
9256
1054
8643
7616
2768
1898
8713
1430
6333
6420
3297
5054
2624
3599
3218
9385
6176
7654
3887
4413
4007
6572
7956
2529
8009
7973
1355
6444
2847
594
6444
3071
5332
5761
9453
1120
3688
8503
2877
2697
8430
5252
5191
1515
7894
7519
6572
7246
8351
3139
5511
9139
5103
9977
5016
1311
5208
3662
3208
320
7791
2236
8477
9196
1665
3539
8374
377
3539
6328
2309
9447
8998
8683
3049
6578
8656
3536
4100
2529
9183
594
3418
5575
1548
371
4656
9086
389
3429
2164
9991
8706
5158
3207
6232
325
3821
7072
3795
8153
7894
4882
1135
1705
3042
4140
5056
1612
6306
5103
7936
4253
696
5103
2
2198
1149
576
4508
4253
5661
5600
1761
656
7203
7771
9885
8603
6416
4276
8110
8351
1058
7920
6176
6996
6205
1496
1705
3178
1915
6573
7127
3772
2102
5585
9212
1887
5961
6767
5482
5150
9947
3356
7444
4316
756
335
548
5154
7451
3271
1313
6900
6912
7106
6252
7330
6444
7742
4312
6229
8161
4214
4627
2373
9665
3445
6175
1236
5006
2222
5760
4721
4253
7410
5413
9385
5618
3218
7702
3415
5
226
9340
5704
6210
6736
7296
6996
1135
3101
9823
5566
8277
6234
9272
3956
9060
7385
7203
967
5834
5208
930
4700
1574
7877
8077
9534
6269
3405
2963
1945
993
1816
6376
6765
6890
5773
5756
2574
1465
1236
3900
4882
6415
842
188
7325
4414
1039
3394
7956
5919
7914
9415
8278
1107
4944
3956
7335
426
2425
2840
8419
7489
3326
9790
6572
1311
5821
5435
2963
9385
2563
2102
456
2140
9572
6102
763
3552
859
1375
7523
7616
3253
8345
7592
1339
9550
6176
4597
9698
5064
4557
2311
2323
2851
6223
90
7877
5873
5665
7523
1135
8328
9043
6112
9520
8
3036
6155
4639
4369
3739
5904
669
30
2861
9385
2424
2111
1694
8
7919
6039
9638
6321
2141
8295
7523
3110
1248
4414
5365
287
3673
1331
5585
1284
8121
3688
3439
4205
629
6872
3116
5694
5917
5473
9841
3906
6561
5900
1430
7920
4527
7519
7007
2051
3539
7632
2269
5371
2146
2289
3820
8894
5063
9865
6699
349
1672
7536
1081
9019
2715
9795
9069
5752
581
9345
6505
2512
5577
9612
1470
1448
6328
3366
8277
4597
8559
9377
5124
3067
1844
1186
306
4961
7308
8533
6345
7369
5150
1470
4909
829
1107
3057
5842
2057
4468
1034
8099
4518
1496
6104
9826
6909
4204
9124
6365
2785
7992
3363
5308
7015
3110
5241
504
1981
2215
3417
8559
1135
2255
7203
7171
3260
6428
9518
3911
7867
9779
9823
1601
5014
8
1887
3552
7878
4403
8280
4880
4369
418
988
6454
6345
8608
5947
5369
7704
2222
2624
480
2524
8523
9201
9516
5185
3226
9266
188
9043
8278
4389
2161
6878
2469
687
756
6935
7503
8254
4912
1994
1834
8444
1362
3702
2151
4831
1923
6232
8153
4007
2715
1323
9094
5140
459
7850
2594
8852
8057
627
6175
9124
9132
6288
9311
3666
870
8317
5698
287
8708
2491
1661
9769
6528
4882
4422
9043
2687
993
6202
5193
320
5734
9769
3183
1734
4423
7894
2256
9995
1692
6765
8183
8111
8988
7125
178
4399
2955
1039
5064
5017
9959
5905
8295
6305
9415
6321
3960
8232
8333
9124
8633
4231
461
9921
6472
6609
9247
7203
18
1664
8109
2023
4325
2497
8938
9977
3844
6910
5961
5761
3903
2715
4658
5132
9885
6325
9201
7742
7487
3297
7894
1575
2203
2963
7932
2498
1058
7040
75
2708
52
5967
8
2473
2269
7877
3688
589
7106
2923
2158
8360
392
2
8065
5478
891
8671
4422
3982
2164
8171
2933
2930
8357
2359
392
8023
3493
5621
8277
3439
1672
7408
3133
7877
1974
4622
6505
8351
2376
4459
6687
2511
3722
8815
1459
4500
4631
4312
897
5676
5057
623
8065
1898
6058
3083
2166
2905
8
6383
5654
3175
8096
6765
2146
6205
3482
9280
3325
1889
3271
1994
4080
1486
3427
623
9296
4904
8153
8056
5
4233
770
2715
2289
6508
225
2954
3911
5576
4547
5505
9977
4393
9205
2115
7898
1408
8170
4785
3806
7574
4873
930
4916
3363
2823
8967
6812
7919
4961
7308
5184
5308
2928
4882
8851
5925
5154
1796
4614
5584
3784
4880
6168
4080
2408
5193
9280
7326
1672
3899
8099
1185
1548
8357
1913
7782
6687
2690
2617
3316
5731
2130
837
5576
9638
6288
2256
5734
1471
3903
7082
6802
3698
2689
1248
1529
9558
2385
568
2508
1844
9536
5492
7304
9536
8376
8930
5016
8706
2222
1471
669
6240
165
9823
2582
9534
9296
8937
623
3635
8328
2977
8766
3722
2512
937
887
6836
5199
5760
6087
1974
8896
6039
1383
1521
7296
6047
1496
8973
1260
3514
5676
8304
246
3264
6058
3341
2164
4312
5756
3702
2861
3970
5760
2388
8183
2277
5341
7365
2373
3133
2469
8065
904
1591
687
3409
3363
3325
9279
4597
8460
8523
9638
3046
8235
4
2029
2053
1816
2641
340
3071
2384
9263
5308
728
3227
2626
8357
1796
8255
9406
2928
6553
623
9212
923
1915
58
3451
2491
8110
1135
7185
1355
4550
1994
557
3480
5103
5640
4214
5693
8706
8998
8937
1834
5
2110
1284
5961
873
1389
2146
2747
9139
6376
7194
5806
9258
8490
7489
6102
8376
402
9991
6707
4191
8031
2715
3863
1470
2848
2337
993
6802
8295
2647
9356
271
6074
390
9823
5647
5909
4303
5296
4649
7973
512
8737
3226
6060
5049
311
5575
5348
7159
4214
581
7771
1307
5698
1410
1137
1056
2744
5452
6505
8023
4422
5961
7867
7385
5851
645
3375
5961
1311
7367
1044
9790
7298
6455
8513
863
9080
2099
4605
327
6163
9280
2473
3203
9252
3297
6590
4468
6312
534
6925
3784
4944
5950
2466
3979
6872
8111
3776
5054
629
8603
1973
211
6089
1331
3900
5310
137
8272
5723
2376
1583
5566
7414
4135
6359
1375
6872
3067
5252
5184
5056
6654
7849
2191
5746
3101
1705
9672
9369
226
9272
8235
3807
1601
6363
7045
7365
6765
427
6202
5510
2256
8131
4557
7408
9995
4940
8277
1844
3366
6202
6528
2298
5325
8111
184
8207
8063
5158
967
3178
9272
9797
7260
9311
4624
9474
17
9427
9139
531
7170
8306
2385
7971
9224
8561
3178
4380
2256
3921
2715
7844
3900
8684
499
993
4528
7335
8119
8845
5712
8207
6736
8191
8099
2099
5577
6252
4982
4516
8304
1844
3739
8477
7171
7027
4944
2466
5252
6872
8988
5241
5890
8914
4547
9928
1778
8277
2177
2840
2033
8153
5416
2665
3986
6444
240
4423
9348
6741
6902
2942
5647
9453
3900
3956
1471
3722
9808
5050
2236
875
9921
371
4080
9482
2222
8502
9356
1034
1383
4131
6613
2166
6929
247
8873
1185
6060
7203
9919
6280
6345
1384
7702
1498
3730
8125
9979
3228
3534
4600
6205
3470
9296
3218
6328
5020
1602
5773
3932
9786
2905
7410
9345
442
2501
4312
819
1137
392
8314
3073
7329
3514
6511
8988
5916
1470
2104
9361
9944
7171
7574
428
2715
3979
5140
770
937
3432
8065
4514
8327
2166
9795
3900
3911
8207
3579
2443
1734
5265
9385
8101
6213
7919
2216
897
9124
5753
2906
346
1973
7416
3730
9769
4525
5416
2164
7815
51
9369
6511
1883
2341
677
6057
5473
6420
2104
8643
2601
8683
8162
4649
1383
1044
7894
1313
9379
1228
7740
870
2942
7740
5150
1354
3979
1661
456
8490
9734
6643
2141
1461
8017
406
2941
9836
96
1503
5296
311
3281
57
9493
5186
9369
1135
1408
7421
2497
5621
2683
2236
9865
4914
8454
5014
5761
8235
5665
5171
5693
5521
9977
4982
5585
5621
2360
4963
1383
6306
4459
3175
2203
6635
2164
7507
9080
2624
8161
7290
426
9672
1355
2648
6050
1134
4225
7815
6345
5452
967
7431
4957
3741
1014
2222
8125
6959
1054
8513
780
3691
4217
5134
6572
5006
9459
3094
3911
6935
163
7126
3226
9240
2641
532
5618
3052
7451
897
1408
940
8503
9415
7193
6306
917
5935
1504
3478
7654
1887
4649
3535
4204
8295
8195
6508
5171
4155
9163
2148
3616
7394
7523
8502
7783
3414
2376
9979
9599
4925
5150
1465
3037
1826
1884
7170
1931
8207
6467
156
5031
5241
3681
6376
1511
6802
2611
5124
6655
993
3662
8162
930
9536
5961
6985
7898
6736
4550
6349
3912
3979
100
5482
2166
2645
4276
8821
1445
8966
3445
8889
5252
785
3863
8158
3737
3739
5794
3560
2277
9215
7574
8903
7431
2971
3524
9809
8988
5507
7304
6359
2612
3067
531
3573
1816
5654
3013
5761
7421
7875
4389
2376
6395
2473
2458
7900
6556
2624
3101
3175
8523
1777
8444
3666
3257
746
9865
2512
4916
7171
5510
247
2305
696
7396
2906
2941
2388
7956
8369
2373
5769
2191
2690
1974
5208
8
7259
2641
532
5208
4370
4145
1081
7740
703
9415
8607
2613
2274
3070
8988
4940
1328
6573
7421
3863
2977
967
4950
3257
8195
8706
6872
3067
325
6094
2733
6081
6968
5482
2102
5185
7296
5575
8988
2425
1807
9482
2049
5505
5752
589
8099
576
7574
575
8529
905
6508
2906
6508
7331
9263
1156
5698
9356
456
2715
6503
8237
2845
4600
3418
5939
7055
5350
4253
6857
3264
3427
9518
8146
4649
8937
2993
1240
52
2473
2518
5650
9318
3552
4969
4557
4622
1795
6176
993
8096
1148
9124
4547
859
6176
2977
1889
9764
8684
2669
3037
9538
6483
8357
518
2690
6107
9862
9955
8012
9386
5478
6328
6632
7814
9518
8879
1375
9652
6582
1186
5158
3391
1471
4130
6687
6636
1307
7396
1661
1976
58
163
1026
923
3958
8490
8420
5584
9318
7341
4979
8975
8988
9379
4957
6912
3406
211
3912
8850
7519
1602
9386
8354
7040
629
8998
8063
8502
8222
1185
2766
2998
8671
3020
3979
5340
8235
5371
9518
456
6722
9355
5950
6802
2775
1654
785
9867
8490
3900
8317
1749
4422
4873
7367
2528
6499
7742
7408
5430
4225
8160
6886
8044
1844
2641
8731
4080
2976
30
2641
4389
6066
4253
4863
6066
8887
5171
6057
5296
8018
2617
6333
7135
7020
5246
1465
6465
6102
8769
687
8607
1313
6699
1383
6067
770
6545
371
5834
5482
623
9390
7894
2448
6471
993
9764
6050
5930
7285
8444
5930
2373
2051
1148
2373
6511
1471
1430
132
9549
4066
897
8376
5753
4525
4312
2021
7085
4458
2033
7878
4782
3205
7952
5665
8278
2840
8185
6102
6570
6900
3366
5681
9764
9491
3514
311
4430
4605
5492
6499
2848
8847
5936
1291
2166
5530
8328
1307
7995
2735
8998
6872
3391
1714
4973
9346
4557
7877
7877
512
4629
1683
7692
6058
891
4646
7720
7774
9124
7943
326
6878
1683
5931
5870
2641
9356
4629
5310
6853
3900
933
3900
2567
770
8296
7954
6383
5482
2768
9268
6155
8317
8376
3226
3363
8113
7489
4312
1323
6383
296
3552
859
1470
8873
335
4940
5212
2665
1548
9442
2973
8684
8317
7740
2622
6291
8337
9196
3623
5621
2748
6321
5193
455
5739
5961
6058
5623
9453
609
8800
6279
4578
377
6665
3020
6252
3579
8633
52
930
841
1661
1217
6359
4233
2447
6471
400
4414
4326
1291
1994
4221
8873
202
8603
6709
7056
6960
1306
6471
480
3409
6444
8255
9885
1458
8912
5712
2665
5364
1936
9280
7523
5090
2384
2665
4090
669
8656
2146
623
677
6253
9288
1575
9267
7451
911
6490
1511
6872
9356
6444
4422
7877
6872
1883
7485
993
7774
1793
5675
2976
7489
2108
7878
3281
6952
3325
5056
8337
6428
5769
4863
8988
4745
3364
2099
897
2685
8357
1575
8376
2497
2161
6736
7877
2216
1445
3040
9979
5693
9069
589
568
4603
64
8040
975
937
7646
7191
5064
8523
2198
5014
1137
4459
426
2759
9272
3207
5054
6454
5241
6572
4060
5577
5482
4550
1974
6979
6400
165
3075
7894
346
5339
6499
9772
9332
392
2161
9769
8656
1039
7553
2443
3539
5200
8162
988
6102
669
7335
8235
2180
7444
7672
6998
2102
1853
8277
2246
5264
8255
9516
3415
6155
7335
9623
8975
677
4622
311
3049
6578
5308
1157
1883
3880
1574
8304
7410
3133
3175
8683
3970
4882
7906
6503
1542
8183
609
4193
311
7007
1683
1430
5647
8502
5880
3139
2473
1307
3482
2928
5056
2574
5252
6420
1348
2277
4871
4413
2158
5723
1548
7682
1185
1600
3788
7264
2685
4557
3779
3871
3083
5338
7992
8401
911
5890
4458
8401
5140
4225
8823
5566
8487
6827
320
1777
9952
6060
5185
3199
1101
3445
2928
9082
270
1090
5961
1833
4204
1884
5618
1705
1041
1227
442
3863
5794
6541
4334
4653
7489
468
1889
8998
5338
1471
1384
6060
1471
2685
3060
8183
7732
5761
4896
3712
4459
5429
677
7009
1313
1008
8513
5379
1107
2191
1248
6765
2612
3101
2567
7833
6319
2443
3616
2971
9795
6155
2158
1889
6985
2257
5858
2865
2164
6976
9520
6213
9409
5800
7742
4485
1159
1384
1521
6039
7341
3688
9795
8090
975
589
8498
1034
2861
1877
2865
875
8531
4622
4963
1654
2865
3363
4253
9516
8462
1777
311
1915
1602
2255
6176
5858
1496
1328
623
5575
4614
4672
4480
7519
2053
4886
8802
1844
7444
3450
6246
9620
3093
4514
773
9518
548
5413
3037
9311
5241
5416
8255
807
335
993
930
9318
3784
6843
6414
1058
4918
9518
4132
8531
3501
9272
1107
3301
5760
4193
186
3271
8237
9520
377
1339
2857
8040
6291
8357
6508
4371
2497
480
9865
4516
6306
1463
9433
6539
8984
7325
3419
9377
1884
2255
5185
8473
6571
9995
5621
7018
7697
3784
627
2277
9988
2447
1062
4963
4968
5545
875
2818
7849
8477
30
7194
2971
3654
8065
7943
2715
2715
645
645
6718
2847
1551
3069
8646
3101
8737
6878
3450
7654
2818
2289
1284
7200
1553
4773
2216
1629
9268
8425
9356
186
4312
2062
7523
6902
2971
8688
3258
8706
7308
7981
2447
2321
3356
1034
3971
2091
6655
5719
311
6511
3052
2554
9379
1208
9991
6909
2428
1107
2861
354
3264
5930
226
7260
9388
3876
8217
1469
3036
3788
4003
6699
5618
4597
6572
1889
296
6472
7877
3880
6279
2491
8111
2102
6505
5734
2140
1430
7774
1185
9132
9518
9652
2425
8328
2421
346
9224
1785
2917
5181
1723
7702
2611
1887
7943
7396
6321
4253
2766
5521
9113
5482
2644
87
1307
9132
526
2995
311
3227
2309
8023
8998
3244
7667
6199
9369
8774
90
5755
2323
2703
7599
7195
6321
7692
3002
3662
4597
8357
3133
3297
8107
2448
413
687
2099
6460
6408
1058
6571
6175
9415
6288
7777
480
5769
5422
1242
9612
6966
7043
346
3642
2222
3925
2004
6185
6572
3020
8684
8401
398
8633
6925
1135
1661
1383
1135
5734
3865
7378
2993
6345
9795
5693
5566
993
581
4526
1135
2818
5050
8131
1672
5761
5049
2818
3990
8745
2611
7260
6871
6909
3960
9294
4961
3684
3391
6199
8337
6312
2056
2484
8430
9060
8255
7171
87
4233
4871
9280
9622
8663
6952
6058
5416
7300
9572
9558
9415
2690
6650
1873
426
6900
2091
2624
7408
3101
2102
6553
5185
3133
1307
5880
9769
9
8337
4979
5731
2246
5278
6765
6434
8017
656
9638
7724
6508
3301
7170
3559
8130
8956
9865
3722
6796
122
9068
5753
7451
240
38
8360
4369
9094
548
428
4880
7995
6152
5212
5794
2191
9361
8277
